16.99232578277588
17.70655345916748
17.63551163673401
17.58636498451233
17.548460245132446
17.75611710548401
17.8647301197052
17.381836414337158
17.943015575408936
18.657883167266846
17.692256689071655
17.919835805892944
17.68632960319519
17.611048460006714
17.872377395629883
17.885029077529907
17.69208526611328
17.4766788482666
17.95879888534546
17.843645811080933
180.39128184318542
178.11731338500977
183.94224977493286
183.49692177772522
181.44055223464966
179.3976776599884
179.35092401504517
176.94615578651428
180.90679621696472
181.09481763839722
180.91132044792175
177.2793960571289
180.61153960227966
178.87276339530945
183.61461329460144
184.62006759643555
182.90252590179443
181.97931098937988
178.8633804321289
178.84527277946472
