12.133583307266235
12.35367488861084
12.403088808059692
12.453201293945312
12.174870014190674
12.142905473709106
12.507011890411377
12.415209293365479
12.470203638076782
12.268479585647583
12.037708044052124
12.02021861076355
11.961227178573608
12.150516033172607
12.411123514175415
12.656983137130737
12.143483638763428
12.700019359588623
12.141164064407349
12.35832953453064
72.06999015808105
73.35246729850769
72.10509157180786
69.33785486221313
73.49059104919434
73.43863368034363
73.58875560760498
69.38776898384094
70.40650248527527
71.77963280677795
